00010100000111100000000000000000
00101000000111010000000000001100
01011100000000010000000000000010
01011100000000100000000000000010
00011100001000010000000000001000
01000000001000100000100000000101
01011100000000000000000000000100
00010100000000100000000000000000
00000000010000100000000000000001
01011100000000110000000000000010
00011100011000110000000000001000
01011100000001000000000000000010
01000000100000110001100000000101
00011100011000110000000000001000
01011100000001000000000000000010
01000000100000110001100000000101
00011100011000110000000000001000
01011100000001000000000000000010
01000000100000110001100000000101
01011100011000000000000000000101
10001000010000010000001111110011
